0 0.2472826086956522 0.5688775510204082 0.07789855072463768 0.6785714285714285
0 0.19112318840579712 0.548469387755102 0.06340579710144928 0.5561224489795918
0 0.1585144927536232 0.49999999999999994 0.059782608695652176 0.6938775510204082
0 0.40217391304347827 0.5433673469387754 0.06521739130434782 0.596938775510204
0 0.31884057971014496 0.4948979591836734 0.03985507246376812 0.6530612244897959
0 0.3605072463768116 0.4438775510204081 0.06521739130434782 0.6530612244897959
0 0.5018115942028986 0.5306122448979591 0.05434782608695652 0.6428571428571428
0 0.5679347826086957 0.5255102040816326 0.04891304347826087 0.6020408163265306
0 0.6811594202898551 0.520408163265306 0.06159420289855073 0.6224489795918366
0 0.7409420289855072 0.49234693877551017 0.08333333333333333 0.6989795918367346
0 0.8188405797101449 0.48724489795918363 0.057971014492753624 0.6377551020408163
0 0.8614130434782609 0.4438775510204081 0.06702898550724638 0.673469387755102
0 0.9085144927536232 0.5127551020408163 0.07065217391304347 0.6683673469387754
